name AB
fontname AvantGarde-Demi
named in prologue
spacewidth 28
charset
!	28	2	33
"	36	2	34
dq	"
#	56	2	35
$	56	2	36
%	86	2	37
&	68	2	38
'	28	2	39
(	38	3	40
)	38	3	41
*	44	2	42
+	60	2	43
,	28	1	44
-	42	0	173
.	28	0	46
/	46	3	47
0	56	2	48
1	56	2	49
2	56	2	50
3	56	2	51
4	56	2	52
5	56	2	53
6	56	2	54
7	56	2	55
8	56	2	56
9	56	2	57
:	28	0	58
;	28	1	59
---	60	0	60
=	60	0	61
---	60	0	62
?	56	2	63
@	74	2	64
A	74	2	65
B	58	2	66
C	78	2	67
D	70	2	68
E	52	2	69
F	48	2	70
G	84	2	71
H	68	2	72
I	28	2	73
J	48	2	74
K	62	2	75
L	44	2	76
M	90	2	77
N	74	2	78
O	84	2	79
P	56	2	80
Q	84	2	81
R	58	2	82
S	52	2	83
T	42	2	84
U	64	2	85
V	70	2	86
W	90	2	87
X	68	2	88
Y	62	2	89
Z	50	2	90
[	32	3	91
\	64	2	92
bs	"
]	32	3	93
^	54	2	147
---	60	2	94
---	50	1	95
`	28	2	96
a	66	0	97
b	66	2	98
c	64	0	99
d	66	2	100
e	64	0	101
f	28	2	102
g	66	1	103
h	60	2	104
i	24	2	105
j	26	3	106
k	58	2	107
l	24	2	108
m	94	0	109
n	60	0	110
o	64	0	111
p	66	1	112
q	66	1	113
r	32	0	114
s	44	0	115
t	30	2	116
u	60	0	117
v	56	0	118
w	80	0	119
x	56	0	120
y	58	1	121
z	46	0	122
{	34	3	123
---	60	2	124
}	34	3	125
~	48	2	148
---	60	0	126
\`	42	2	145
ga	"
!!	28	1	161
c|	56	2	162
ct	"
L-	56	2	163
ps	"
xo	56	2	164
cr	"
Y-	56	2	165
yn	"
||	60	2	166
so	56	3	167
sc	"
""	50	2	168
:a	"
co	74	2	169
a_	36	2	170
<<	46	0	171
-,	60	0	172
hy	42	0	173
--	60	0	45
ro	74	2	174
rg	"
-^	42	2	175
-a	"
0^	40	2	176
+-	60	2	177
2^	34	2	178
3^	34	2	179
\'	42	2	180
aa	"
/u	58	1	181
P!	60	3	182
pg	"
.^	28	0	183
,,	34	1	184
,a	"
1^	34	2	185
o_	36	2	186
>>	46	0	187
14	84	2	188
12	84	2	189
34	84	2	190
??	56	1	191
A`	74	2	192
A'	74	2	193
A^	74	2	194
A~	74	2	195
A"	74	2	196
A*	74	2	197
AE	90	2	198
C,	78	3	199
E`	52	2	200
E'	52	2	201
E^	52	2	202
E"	52	2	203
I`	28	2	204
I'	28	2	205
I^	28	2	206
I"	28	2	207
D-	74	2	208
N~	74	2	209
O`	84	2	210
O'	84	2	211
O^	84	2	212
O~	84	2	213
O"	84	2	214
xx	60	2	215
O/	84	2	216
U`	64	2	217
U'	64	2	218
U^	64	2	219
U"	64	2	220
Y'	62	2	221
TH	56	2	222
ss	60	2	223
a`	66	2	224
a'	66	2	225
a^	66	2	226
a~	66	2	227
a"	66	2	228
a*	66	2	229
ae	108	0	230
c,	64	1	231
e`	64	2	232
e'	64	2	233
e^	64	2	234
e"	64	2	235
i`	24	2	236
i'	24	2	237
i^	24	2	238
i"	24	2	239
d-	64	2	240
n~	60	2	241
o`	64	2	242
o'	64	2	243
o^	64	2	244
o~	64	2	245
o"	64	2	246
-:	60	2	247
o/	66	2	248
u`	60	2	249
u'	60	2	250
u^	60	2	251
u"	60	2	252
y'	58	3	253
th	66	3	254
y"	58	3	255
^a	54	2	147
~a	48	2	148
Ua	48	2	150
.a	28	2	151
oa	36	2	154
"a	70	2	157
Ca	34	1	158
va	54	2	159
