name AR
fontname AvantGarde-Book
named in prologue
spacewidth 28
charset
!	30	2	33
"	31	2	34
dq	"
#	55	2	35
$	55	2	36
%	78	2	37
&	76	2	38
'	35	2	39
(	37	3	40
)	37	3	41
*	43	2	42
+	61	0	43
,	28	0	44
-	33	0	173
.	28	0	46
/	44	3	47
0	55	2	48
1	55	2	49
2	55	2	50
3	55	2	51
4	55	2	52
5	55	2	53
6	55	2	54
7	55	2	55
8	55	2	56
9	55	2	57
:	28	0	58
;	28	0	59
---	61	0	60
=	61	0	61
---	61	0	62
?	59	2	63
@	87	2	64
A	74	2	65
B	57	2	66
C	81	2	67
D	74	2	68
E	54	2	69
F	49	2	70
G	87	2	71
H	68	2	72
I	23	2	73
J	48	2	74
K	59	2	75
L	46	2	76
M	92	2	77
N	74	2	78
O	87	2	79
P	59	2	80
Q	87	2	81
R	61	2	82
S	50	2	83
T	43	2	84
U	66	2	85
V	70	2	86
W	96	2	87
X	61	2	88
Y	59	2	89
Z	48	2	90
[	35	3	91
\	61	2	92
bs	"
]	35	3	93
^	50	2	147
---	61	2	94
---	50	1	95
`	35	2	96
a	68	0	97
b	68	2	98
c	65	0	99
d	69	2	100
e	65	0	101
f	31	2	102
g	67	1	103
h	61	2	104
i	20	2	105
j	20	3	106
k	50	2	107
l	20	2	108
m	94	0	109
n	61	0	110
o	66	0	111
p	68	1	112
q	68	1	113
r	30	0	114
s	39	0	115
t	34	2	116
u	61	0	117
v	55	0	118
w	83	0	119
x	48	0	120
y	54	1	121
z	43	0	122
{	35	3	123
---	67	2	124
}	35	3	125
~	44	2	148
---	61	0	126
\`	38	2	145
ga	"
!!	30	1	161
c|	55	2	162
ct	"
L-	55	2	163
ps	"
xo	55	0	164
cr	"
Y-	55	2	165
yn	"
||	67	2	166
so	62	3	167
sc	"
""	37	2	168
:a	"
co	75	2	169
a_	37	2	170
<<	43	0	171
-,	61	0	172
hy	33	0	173
--	61	0	45
ro	75	2	174
rg	"
-^	49	2	175
-a	"
0^	40	2	176
+-	61	0	177
2^	33	2	178
3^	33	2	179
\'	38	2	180
aa	"
/u	61	1	181
P!	56	3	182
pg	"
.^	28	0	183
,,	32	1	184
,a	"
1^	33	2	185
o_	37	2	186
>>	43	0	187
14	83	2	188
12	83	2	189
34	83	2	190
??	59	1	191
A`	74	2	192
A'	74	2	193
A^	74	2	194
A~	74	2	195
A"	74	2	196
A*	74	2	197
AE	99	2	198
C,	81	3	199
E`	54	2	200
E'	54	2	201
E^	54	2	202
E"	54	2	203
I`	23	2	204
I'	23	2	205
I^	23	2	206
I"	23	2	207
D-	79	2	208
N~	74	2	209
O`	87	2	210
O'	87	2	211
O^	87	2	212
O~	87	2	213
O"	87	2	214
xx	61	0	215
O/	87	2	216
U`	66	2	217
U'	66	2	218
U^	66	2	219
U"	66	2	220
Y'	59	2	221
TH	59	2	222
ss	55	2	223
a`	68	2	224
a'	68	2	225
a^	68	2	226
a~	68	2	227
a"	68	2	228
a*	68	2	229
ae	116	0	230
c,	65	1	231
e`	65	2	232
e'	65	2	233
e^	65	2	234
e"	65	2	235
i`	20	2	236
i'	20	2	237
i^	20	2	238
i"	20	2	239
d-	66	2	240
n~	61	2	241
o`	66	2	242
o'	66	2	243
o^	66	2	244
o~	66	2	245
o"	66	2	246
-:	61	0	247
o/	65	0	248
u`	61	2	249
u'	61	2	250
u^	61	2	251
u"	61	2	252
y'	54	3	253
th	68	3	254
y"	54	3	255
^a	50	2	147
~a	44	2	148
Ua	45	2	150
.a	22	2	151
oa	33	2	154
"a	55	2	157
Ca	30	1	158
va	50	2	159
