name Hb
fontname Helvetica-Narrow-Bold
named in prologue
spacewidth 23
charset
!	27	2	33
"	39	2	34
dq	"
#	46	2	35
$	46	3	36
%	73	2	37
&	59	2	38
'	23	2	39
(	27	3	40
)	27	3	41
*	32	2	42
+	48	0	43
,	23	1	44
-	27	0	173
.	23	0	46
/	23	2	47
0	46	2	48
1	46	2	49
2	46	2	50
3	46	2	51
4	46	2	52
5	46	2	53
6	46	2	54
7	46	2	55
8	46	2	56
9	46	2	57
:	27	0	58
;	27	1	59
---	48	0	60
=	48	0	61
---	48	0	62
?	50	2	63
@	80	2	64
A	59	2	65
B	59	2	66
C	59	2	67
D	59	2	68
E	55	2	69
F	50	2	70
G	64	2	71
H	59	2	72
I	23	2	73
J	46	2	74
K	59	2	75
L	50	2	76
M	68	2	77
N	59	2	78
O	64	2	79
P	55	2	80
Q	64	2	81
R	59	2	82
S	55	2	83
T	50	2	84
U	59	2	85
V	55	2	86
W	77	2	87
X	55	2	88
Y	55	2	89
Z	50	2	90
[	27	3	91
\	23	2	92
bs	"
]	27	3	93
^	27	2	147
---	48	2	94
---	46	1	95
`	23	2	96
a	46	0	97
b	50	2	98
c	46	0	99
d	50	2	100
e	46	0	101
f	27	2	102
g	50	1	103
h	50	2	104
i	23	2	105
j	23	3	106
k	46	2	107
l	23	2	108
m	73	0	109
n	50	0	110
o	50	0	111
p	50	1	112
q	50	1	113
r	32	0	114
s	46	0	115
t	27	2	116
u	50	0	117
v	46	0	118
w	64	0	119
x	46	0	120
y	46	1	121
z	41	0	122
{	32	3	123
---	23	2	124
}	32	3	125
~	27	2	148
---	48	0	126
\`	27	2	145
ga	"
!!	27	1	161
c|	46	3	162
ct	"
L-	46	2	163
ps	"
xo	46	2	164
cr	"
Y-	46	2	165
yn	"
||	23	2	166
so	46	3	167
sc	"
""	27	2	168
:a	"
co	60	2	169
a_	30	2	170
<<	46	0	171
-,	48	0	172
hy	27	0	173
--	48	0	45
ro	60	2	174
rg	"
-^	27	2	175
-a	"
0^	33	2	176
+-	48	0	177
2^	27	2	178
3^	27	2	179
\'	27	2	180
aa	"
/u	50	1	181
P!	46	3	182
pg	"
.^	23	0	183
,,	27	1	184
,a	"
1^	27	2	185
o_	30	2	186
>>	46	0	187
14	68	2	188
12	68	2	189
34	68	2	190
??	50	1	191
A`	59	2	192
A'	59	2	193
A^	59	2	194
A~	59	2	195
A"	59	2	196
A*	59	2	197
AE	82	2	198
C,	59	3	199
E`	55	2	200
E'	55	2	201
E^	55	2	202
E"	55	2	203
I`	23	2	204
I'	23	2	205
I^	23	2	206
I"	23	2	207
D-	59	2	208
N~	59	2	209
O`	64	2	210
O'	64	2	211
O^	64	2	212
O~	64	2	213
O"	64	2	214
xx	48	0	215
O/	64	2	216
U`	59	2	217
U'	59	2	218
U^	59	2	219
U"	59	2	220
Y'	55	2	221
TH	55	2	222
ss	50	2	223
a`	46	2	224
a'	46	2	225
a^	46	2	226
a~	46	2	227
a"	46	2	228
a*	46	2	229
ae	73	0	230
c,	46	1	231
e`	46	2	232
e'	46	2	233
e^	46	2	234
e"	46	2	235
i`	23	2	236
i'	23	2	237
i^	23	2	238
i"	23	2	239
d-	50	2	240
n~	50	2	241
o`	50	2	242
o'	50	2	243
o^	50	2	244
o~	50	2	245
o"	50	2	246
-:	48	0	247
o/	50	0	248
u`	50	2	249
u'	50	2	250
u^	50	2	251
u"	50	2	252
y'	46	3	253
th	50	3	254
y"	46	3	255
^a	27	2	147
~a	27	2	148
Ua	27	2	150
.a	27	2	151
oa	27	2	154
"a	27	2	157
Ca	27	1	158
va	27	2	159
