name HB
fontname Helvetica-Bold
named in prologue
spacewidth 28
charset
!	33	2	33
"	47	2	34
dq	"
#	56	2	35
$	56	3	36
%	89	2	37
&	72	2	38
'	28	2	39
(	33	3	40
)	33	3	41
*	39	2	42
+	58	0	43
,	28	1	44
-	33	0	173
.	28	0	46
/	28	2	47
0	56	2	48
1	56	2	49
2	56	2	50
3	56	2	51
4	56	2	52
5	56	2	53
6	56	2	54
7	56	2	55
8	56	2	56
9	56	2	57
:	33	0	58
;	33	1	59
---	58	0	60
=	58	0	61
---	58	0	62
?	61	2	63
@	98	3	64
A	72	2	65
B	72	2	66
C	72	2	67
D	72	2	68
E	67	2	69
F	61	2	70
G	78	2	71
H	72	2	72
I	28	2	73
J	56	2	74
K	72	2	75
L	61	2	76
M	83	2	77
N	72	2	78
O	78	2	79
P	67	2	80
Q	78	2	81
R	72	2	82
S	67	2	83
T	61	2	84
U	72	2	85
V	67	2	86
W	94	2	87
X	67	2	88
Y	67	2	89
Z	61	2	90
[	33	3	91
\	28	2	92
bs	"
]	33	3	93
^	33	2	147
---	58	2	94
---	56	1	95
`	28	2	96
a	56	0	97
b	61	2	98
c	56	0	99
d	61	2	100
e	56	0	101
f	33	2	102
g	61	1	103
h	61	2	104
i	28	2	105
j	28	3	106
k	56	2	107
l	28	2	108
m	89	0	109
n	61	0	110
o	61	0	111
p	61	1	112
q	61	1	113
r	39	0	114
s	56	0	115
t	33	2	116
u	61	0	117
v	56	0	118
w	78	0	119
x	56	0	120
y	56	1	121
z	50	0	122
{	39	3	123
---	28	3	124
}	39	3	125
~	33	2	148
---	58	0	126
\`	33	2	145
ga	"
!!	33	1	161
c|	56	3	162
ct	"
L-	56	2	163
ps	"
xo	56	2	164
cr	"
Y-	56	2	165
yn	"
||	28	3	166
so	56	3	167
sc	"
""	33	2	168
:a	"
co	74	2	169
a_	37	2	170
<<	56	0	171
-,	58	0	172
hy	33	0	173
--	58	0	45
ro	74	2	174
rg	"
-^	33	2	175
-a	"
0^	61	2	176
+-	58	2	177
2^	35	2	178
3^	35	2	179
\'	33	2	180
aa	"
/u	61	1	181
P!	56	3	182
pg	"
.^	28	0	183
,,	33	1	184
,a	"
1^	35	2	185
o_	37	2	186
>>	56	0	187
14	87	2	188
12	87	2	189
34	87	2	190
??	61	1	191
A`	72	2	192
A'	72	2	193
A^	72	2	194
A~	72	2	195
A"	72	2	196
A*	72	2	197
AE	100	2	198
C,	72	3	199
E`	67	2	200
E'	67	2	201
E^	67	2	202
E"	67	2	203
I`	28	2	204
I'	28	2	205
I^	28	2	206
I"	28	2	207
D-	72	2	208
N~	72	2	209
O`	78	2	210
O'	78	2	211
O^	78	2	212
O~	78	2	213
O"	78	2	214
xx	58	0	215
O/	78	2	216
U`	72	2	217
U'	72	2	218
U^	72	2	219
U"	72	2	220
Y'	67	2	221
TH	67	2	222
ss	61	2	223
a`	56	2	224
a'	56	2	225
a^	56	2	226
a~	56	2	227
a"	56	2	228
a*	56	2	229
ae	89	0	230
c,	56	1	231
e`	56	2	232
e'	56	2	233
e^	56	2	234
e"	56	2	235
i`	28	2	236
i'	28	2	237
i^	28	2	238
i"	28	2	239
d-	61	2	240
n~	61	2	241
o`	61	2	242
o'	61	2	243
o^	61	2	244
o~	61	2	245
o"	61	2	246
-:	58	0	247
o/	61	0	248
u`	61	2	249
u'	61	2	250
u^	61	2	251
u"	61	2	252
y'	56	3	253
th	61	3	254
y"	56	3	255
^a	33	2	147
~a	33	2	148
Ua	33	2	150
.a	33	2	151
oa	33	2	154
"a	33	2	157
Ca	33	1	158
va	33	2	159
