name KB
fontname Bookman-Demi
named in prologue
spacewidth 34
charset
!	36	2	33
"	42	2	34
dq	"
#	66	2	35
$	66	3	36
%	94	2	37
&	80	2	38
'	32	2	39
(	32	3	40
)	32	3	41
*	46	2	42
+	60	2	43
,	34	1	44
-	36	0	173
.	34	0	46
/	60	3	47
0	66	2	48
1	66	2	49
2	66	2	50
3	66	2	51
4	66	2	52
5	66	2	53
6	66	2	54
7	66	2	55
8	66	2	56
9	66	2	57
:	34	0	58
;	34	1	59
---	60	2	60
=	60	0	61
---	60	2	62
?	66	2	63
@	82	2	64
A	72	2	65
B	72	2	66
C	74	2	67
D	78	2	68
E	72	2	69
F	68	2	70
G	78	2	71
H	82	2	72
I	40	2	73
J	64	2	74
K	80	2	75
L	64	2	76
M	94	2	77
N	74	2	78
O	80	2	79
P	66	2	80
Q	80	3	81
R	78	2	82
S	66	2	83
T	70	2	84
U	74	2	85
V	72	2	86
W	94	2	87
X	78	2	88
Y	70	2	89
Z	64	2	90
[	30	3	91
\	60	2	92
bs	"
]	30	3	93
^	50	2	147
---	60	2	94
---	50	1	95
`	32	2	96
a	58	0	97
b	60	2	98
c	58	0	99
d	64	2	100
e	58	0	101
f	38	2	102
g	58	3	103
h	68	2	104
i	36	2	105
j	34	3	106
k	66	2	107
l	34	2	108
m	100	0	109
n	68	0	110
o	62	0	111
p	64	1	112
q	62	1	113
r	46	0	114
s	52	0	115
t	46	2	116
u	66	0	117
v	60	0	118
w	80	0	119
x	60	0	120
y	62	1	121
z	56	0	122
{	32	3	123
---	60	2	124
}	32	3	125
~	48	2	148
---	60	0	126
\`	40	2	145
ga	"
!!	36	1	161
c|	66	2	162
ct	"
L-	66	2	163
ps	"
xo	66	2	164
cr	"
Y-	66	2	165
yn	"
||	60	2	166
so	60	3	167
sc	"
""	50	2	168
:a	"
co	74	2	169
a_	40	2	170
<<	40	0	171
-,	60	0	172
hy	36	0	173
--	60	0	45
ro	74	2	174
rg	"
-^	46	2	175
-a	"
0^	40	2	176
+-	60	2	177
2^	40	2	178
3^	40	2	179
\'	40	2	180
aa	"
/u	66	1	181
P!	80	2	182
pg	"
.^	34	0	183
,,	36	1	184
,a	"
1^	40	2	185
o_	40	2	186
>>	40	0	187
14	99	2	188
12	99	2	189
34	99	2	190
??	66	1	191
A`	72	2	192
A'	72	2	193
A^	72	2	194
A~	72	2	195
A"	72	2	196
A*	72	2	197
AE	114	2	198
C,	74	3	199
E`	72	2	200
E'	72	2	201
E^	72	2	202
E"	72	2	203
I`	40	2	204
I'	40	2	205
I^	40	2	206
I"	40	2	207
D-	78	2	208
N~	74	2	209
O`	80	2	210
O'	80	2	211
O^	80	2	212
O~	80	2	213
O"	80	2	214
xx	60	2	215
O/	80	3	216
U`	74	2	217
U'	74	2	218
U^	74	2	219
U"	74	2	220
Y'	70	2	221
TH	66	2	222
ss	66	2	223
a`	58	2	224
a'	58	2	225
a^	58	2	226
a~	58	2	227
a"	58	2	228
a*	58	2	229
ae	88	0	230
c,	58	1	231
e`	58	2	232
e'	58	2	233
e^	58	2	234
e"	58	2	235
i`	36	2	236
i'	36	2	237
i^	36	2	238
i"	36	2	239
d-	62	2	240
n~	68	2	241
o`	62	2	242
o'	62	2	243
o^	62	2	244
o~	62	2	245
o"	62	2	246
-:	60	2	247
o/	62	0	248
u`	66	2	249
u'	66	2	250
u^	66	2	251
u"	66	2	252
y'	62	3	253
th	64	3	254
y"	62	3	255
^a	50	2	147
~a	48	2	148
Ua	50	2	150
.a	32	2	151
oa	34	2	154
"a	44	2	157
Ca	32	1	158
va	50	2	159
