name KI
fontname Bookman-LightItalic
named in prologue
spacewidth 30
charset
!	32	2	33
"	36	2	34
dq	"
#	62	2	35
$	62	2	36
%	80	2	37
&	82	2	38
'	28	2	39
(	28	3	40
)	28	3	41
*	44	2	42
+	60	2	43
,	30	1	44
-	32	0	173
.	30	0	46
/	60	3	47
0	62	2	48
1	62	2	49
2	62	2	50
3	62	2	51
4	62	2	52
5	62	2	53
6	62	2	54
7	62	2	55
8	62	2	56
9	62	2	57
:	30	0	58
;	30	1	59
---	60	2	60
=	60	0	61
---	60	2	62
?	54	2	63
@	78	2	64
A	70	2	65
B	72	2	66
C	72	2	67
D	74	2	68
E	68	2	69
F	62	2	70
G	76	2	71
H	80	2	72
I	32	2	73
J	56	2	74
K	72	2	75
L	58	2	76
M	86	2	77
N	72	2	78
O	76	2	79
P	60	2	80
Q	78	3	81
R	70	2	82
S	64	2	83
T	60	2	84
U	72	2	85
V	68	2	86
W	96	2	87
X	70	2	88
Y	66	2	89
Z	58	2	90
[	26	3	91
\	60	2	92
bs	"
]	26	3	93
^	44	2	147
---	60	2	94
---	50	1	95
`	28	2	96
a	62	0	97
b	60	2	98
c	48	0	99
d	64	2	100
e	54	0	101
f	34	3	102
g	56	1	103
h	62	2	104
i	28	2	105
j	28	3	106
k	60	2	107
l	28	2	108
m	88	0	109
n	62	0	110
o	54	0	111
p	60	1	112
q	56	1	113
r	40	0	114
s	54	0	115
t	34	2	116
u	62	0	117
v	54	0	118
w	88	0	119
x	54	0	120
y	60	1	121
z	52	0	122
{	36	3	123
---	60	2	124
}	38	3	125
~	44	2	148
---	60	0	126
\`	34	2	145
ga	"
!!	32	1	161
c|	62	2	162
ct	"
L-	62	2	163
ps	"
xo	62	2	164
cr	"
Y-	62	2	165
yn	"
||	60	2	166
so	62	3	167
sc	"
""	42	2	168
:a	"
co	74	2	169
a_	44	2	170
<<	30	0	171
-,	60	0	172
hy	32	0	173
--	60	0	45
ro	74	2	174
rg	"
-^	44	2	175
-a	"
0^	40	2	176
+-	60	2	177
2^	37	2	178
3^	37	2	179
\'	32	2	180
aa	"
/u	62	1	181
P!	62	2	182
pg	"
.^	30	0	183
,,	32	1	184
,a	"
1^	37	2	185
o_	40	2	186
>>	30	0	187
14	93	2	188
12	93	2	189
34	93	2	190
??	54	1	191
A`	70	2	192
A'	70	2	193
A^	70	2	194
A~	70	2	195
A"	70	2	196
A*	70	2	197
AE	122	2	198
C,	72	3	199
E`	68	2	200
E'	68	2	201
E^	68	2	202
E"	68	2	203
I`	32	2	204
I'	32	2	205
I^	32	2	206
I"	32	2	207
D-	74	2	208
N~	72	2	209
O`	76	2	210
O'	76	2	211
O^	76	2	212
O~	76	2	213
O"	76	2	214
xx	60	2	215
O/	76	2	216
U`	72	2	217
U'	72	2	218
U^	72	2	219
U"	72	2	220
Y'	66	2	221
TH	60	2	222
ss	62	3	223
a`	62	2	224
a'	62	2	225
a^	62	2	226
a~	62	2	227
a"	62	2	228
a*	62	2	229
ae	88	0	230
c,	48	1	231
e`	54	2	232
e'	54	2	233
e^	54	2	234
e"	54	2	235
i`	28	2	236
i'	28	2	237
i^	28	2	238
i"	28	2	239
d-	54	2	240
n~	62	2	241
o`	54	2	242
o'	54	2	243
o^	54	2	244
o~	54	2	245
o"	54	2	246
-:	60	2	247
o/	54	0	248
u`	62	2	249
u'	62	2	250
u^	62	2	251
u"	62	2	252
y'	60	3	253
th	60	3	254
y"	60	3	255
^a	44	2	147
~a	44	2	148
Ua	44	2	150
.a	26	2	151
oa	30	2	154
"a	34	2	157
Ca	26	1	158
va	44	2	159
