name KR
fontname Bookman-Light
named in prologue
spacewidth 32
charset
!	30	2	33
"	38	2	34
dq	"
#	62	2	35
$	62	2	36
%	90	2	37
&	80	2	38
'	22	2	39
(	30	3	40
)	30	3	41
*	44	2	42
+	60	2	43
,	32	0	44
-	40	0	173
.	32	0	46
/	60	3	47
0	62	2	48
1	62	2	49
2	62	2	50
3	62	2	51
4	62	2	52
5	62	2	53
6	62	2	54
7	62	2	55
8	62	2	56
9	62	2	57
:	32	0	58
;	32	0	59
---	60	2	60
=	60	0	61
---	60	2	62
?	54	2	63
@	82	2	64
A	68	2	65
B	74	2	66
C	74	2	67
D	80	2	68
E	72	2	69
F	64	2	70
G	80	2	71
H	80	2	72
I	34	2	73
J	60	2	74
K	72	2	75
L	60	2	76
M	92	2	77
N	74	2	78
O	80	2	79
P	62	2	80
Q	82	3	81
R	72	2	82
S	66	2	83
T	62	2	84
U	78	2	85
V	70	2	86
W	96	2	87
X	72	2	88
Y	64	2	89
Z	64	2	90
[	30	3	91
\	60	2	92
bs	"
]	30	3	93
^	42	2	147
---	60	2	94
---	50	1	95
`	22	2	96
a	58	0	97
b	62	2	98
c	52	0	99
d	62	2	100
e	52	0	101
f	32	2	102
g	54	3	103
h	66	2	104
i	30	2	105
j	30	3	106
k	62	2	107
l	30	2	108
m	94	0	109
n	66	0	110
o	56	0	111
p	62	1	112
q	58	1	113
r	44	0	114
s	52	0	115
t	38	2	116
u	68	0	117
v	52	0	118
w	78	0	119
x	56	0	120
y	54	1	121
z	48	0	122
{	28	3	123
---	60	2	124
}	28	3	125
~	44	2	148
---	60	0	126
\`	34	2	145
ga	"
!!	30	1	161
c|	62	2	162
ct	"
L-	62	2	163
ps	"
xo	62	2	164
cr	"
Y-	62	2	165
yn	"
||	60	2	166
so	52	3	167
sc	"
""	42	2	168
:a	"
co	74	2	169
a_	42	2	170
<<	36	0	171
-,	60	0	172
hy	40	0	173
--	60	0	45
ro	74	2	174
rg	"
-^	44	2	175
-a	"
0^	40	2	176
+-	60	2	177
2^	37	2	178
3^	37	2	179
\'	34	2	180
aa	"
/u	68	1	181
P!	60	2	182
pg	"
.^	32	0	183
,,	32	1	184
,a	"
1^	37	2	185
o_	42	2	186
>>	36	0	187
14	93	2	188
12	93	2	189
34	93	2	190
??	54	1	191
A`	68	2	192
A'	68	2	193
A^	68	2	194
A~	68	2	195
A"	68	2	196
A*	68	2	197
AE	126	2	198
C,	74	3	199
E`	72	2	200
E'	72	2	201
E^	72	2	202
E"	72	2	203
I`	34	2	204
I'	34	2	205
I^	34	2	206
I"	34	2	207
D-	80	2	208
N~	74	2	209
O`	80	2	210
O'	80	2	211
O^	80	2	212
O~	80	2	213
O"	80	2	214
xx	60	2	215
O/	80	2	216
U`	78	2	217
U'	78	2	218
U^	78	2	219
U"	78	2	220
Y'	64	2	221
TH	62	2	222
ss	66	2	223
a`	58	2	224
a'	58	2	225
a^	58	2	226
a~	58	2	227
a"	58	2	228
a*	58	2	229
ae	86	0	230
c,	52	1	231
e`	52	2	232
e'	52	2	233
e^	52	2	234
e"	52	2	235
i`	30	2	236
i'	30	2	237
i^	30	2	238
i"	30	2	239
d-	56	2	240
n~	66	2	241
o`	56	2	242
o'	56	2	243
o^	56	2	244
o~	56	2	245
o"	56	2	246
-:	60	2	247
o/	56	0	248
u`	68	2	249
u'	68	2	250
u^	68	2	251
u"	68	2	252
y'	54	3	253
th	62	3	254
y"	54	3	255
^a	42	2	147
~a	44	2	148
Ua	46	2	150
.a	26	2	151
oa	32	2	154
"a	38	2	157
Ca	32	1	158
va	42	2	159
