name KX
fontname Bookman-DemiItalic
named in prologue
spacewidth 34
charset
!	32	2	33
"	38	2	34
dq	"
#	68	2	35
$	68	3	36
%	88	2	37
&	98	2	38
'	32	2	39
(	26	3	40
)	26	3	41
*	46	2	42
+	60	2	43
,	34	1	44
-	28	0	173
.	34	0	46
/	36	3	47
0	68	2	48
1	68	2	49
2	68	2	50
3	68	2	51
4	68	2	52
5	68	2	53
6	68	2	54
7	68	2	55
8	68	2	56
9	68	2	57
:	34	0	58
;	34	1	59
---	62	2	60
=	60	0	61
---	62	2	62
?	62	2	63
@	78	2	64
A	72	2	65
B	72	2	66
C	70	2	67
D	76	2	68
E	72	2	69
F	66	2	70
G	76	2	71
H	80	2	72
I	38	2	73
J	62	2	74
K	78	2	75
L	64	2	76
M	86	2	77
N	74	2	78
O	76	2	79
P	64	2	80
Q	76	3	81
R	74	2	82
S	70	2	83
T	70	2	84
U	74	2	85
V	66	2	86
W	100	2	87
X	74	2	88
Y	66	2	89
Z	68	2	90
[	26	3	91
\	58	2	92
bs	"
]	26	3	93
^	48	2	147
---	62	2	94
---	50	1	95
`	32	2	96
a	68	0	97
b	60	2	98
c	56	0	99
d	68	2	100
e	56	0	101
f	42	3	102
g	62	1	103
h	70	2	104
i	38	2	105
j	32	3	106
k	70	2	107
l	38	2	108
m	96	0	109
n	68	0	110
o	60	0	111
p	66	1	112
q	62	1	113
r	50	0	114
s	54	0	115
t	44	2	116
u	68	0	117
v	54	0	118
w	86	0	119
x	62	0	120
y	60	1	121
z	56	0	122
{	30	3	123
---	62	2	124
}	30	3	125
~	48	2	148
---	62	0	126
\`	38	2	145
ga	"
!!	32	1	161
c|	68	2	162
ct	"
L-	68	2	163
ps	"
xo	68	2	164
cr	"
Y-	68	2	165
yn	"
||	62	2	166
so	62	3	167
sc	"
""	52	2	168
:a	"
co	78	2	169
a_	44	2	170
<<	38	0	171
-,	62	0	172
hy	28	0	173
--	60	0	45
ro	78	2	174
rg	"
-^	48	2	175
-a	"
0^	40	2	176
+-	60	2	177
2^	41	2	178
3^	41	2	179
\'	34	2	180
aa	"
/u	68	1	181
P!	68	3	182
pg	"
.^	34	0	183
,,	36	1	184
,a	"
1^	41	2	185
o_	44	2	186
>>	38	0	187
14	102	2	188
12	102	2	189
34	102	2	190
??	62	1	191
A`	72	2	192
A'	72	2	193
A^	72	2	194
A~	72	2	195
A"	72	2	196
A*	72	2	197
AE	114	2	198
C,	70	3	199
E`	72	2	200
E'	72	2	201
E^	72	2	202
E"	72	2	203
I`	38	2	204
I'	38	2	205
I^	38	2	206
I"	38	2	207
D-	76	2	208
N~	74	2	209
O`	76	2	210
O'	76	2	211
O^	76	2	212
O~	76	2	213
O"	76	2	214
xx	60	2	215
O/	76	2	216
U`	74	2	217
U'	74	2	218
U^	74	2	219
U"	74	2	220
Y'	66	2	221
TH	64	2	222
ss	66	3	223
a`	68	2	224
a'	68	2	225
a^	68	2	226
a~	68	2	227
a"	68	2	228
a*	68	2	229
ae	88	0	230
c,	56	1	231
e`	56	2	232
e'	56	2	233
e^	56	2	234
e"	56	2	235
i`	38	2	236
i'	38	2	237
i^	38	2	238
i"	38	2	239
d-	60	2	240
n~	68	2	241
o`	60	2	242
o'	60	2	243
o^	60	2	244
o~	60	2	245
o"	60	2	246
-:	60	2	247
o/	60	2	248
u`	68	2	249
u'	68	2	250
u^	68	2	251
u"	68	2	252
y'	60	3	253
th	66	3	254
y"	60	3	255
^a	48	2	147
~a	48	2	148
Ua	46	2	150
.a	38	2	151
oa	36	2	154
"a	56	2	157
Ca	32	1	158
va	48	2	159
