name NB
fontname NewCenturySchlbk-Bold
named in prologue
spacewidth 29
charset
!	30	2	33
"	33	2	34
dq	"
#	57	2	35
$	57	3	36
%	83	2	37
&	85	2	38
'	24	2	39
(	39	3	40
)	39	3	41
*	50	2	42
+	61	0	43
,	28	1	44
-	33	0	173
.	28	0	46
/	28	2	47
0	57	2	48
1	57	2	49
2	57	2	50
3	57	2	51
4	57	2	52
5	57	2	53
6	57	2	54
7	57	2	55
8	57	2	56
9	57	2	57
:	28	0	58
;	28	1	59
---	61	0	60
=	61	0	61
---	61	0	62
?	50	2	63
@	75	2	64
A	76	2	65
B	78	2	66
C	78	2	67
D	83	2	68
E	76	2	69
F	72	2	70
G	83	2	71
H	87	2	72
I	44	2	73
J	65	2	74
K	82	2	75
L	72	2	76
M	98	2	77
N	83	2	78
O	83	2	79
P	76	2	80
Q	83	3	81
R	82	2	82
S	67	2	83
T	72	2	84
U	83	2	85
V	76	2	86
W	98	2	87
X	72	2	88
Y	72	2	89
Z	67	2	90
[	39	3	91
\	61	2	92
bs	"
]	39	3	93
^	33	2	147
---	61	2	94
---	50	1	95
`	24	2	96
a	61	0	97
b	65	2	98
c	56	0	99
d	67	2	100
e	57	0	101
f	39	2	102
g	61	1	103
h	69	2	104
i	37	2	105
j	35	3	106
k	67	2	107
l	35	2	108
m	96	0	109
n	69	0	110
o	61	0	111
p	67	1	112
q	65	1	113
r	52	0	114
s	50	0	115
t	43	2	116
u	69	0	117
v	61	0	118
w	89	0	119
x	61	0	120
y	61	1	121
z	54	0	122
{	39	3	123
---	61	2	124
}	39	3	125
~	33	2	148
---	61	0	126
\`	33	2	145
ga	"
!!	30	1	161
c|	57	3	162
ct	"
L-	57	2	163
ps	"
xo	57	2	164
cr	"
Y-	57	2	165
yn	"
||	61	2	166
so	50	2	167
sc	"
""	33	2	168
:a	"
co	75	2	169
a_	37	2	170
<<	50	0	171
-,	61	0	172
hy	33	0	173
--	61	0	45
ro	75	2	174
rg	"
-^	33	2	175
-a	"
0^	40	2	176
+-	61	2	177
2^	34	2	178
3^	34	2	179
\'	33	2	180
aa	"
/u	69	1	181
P!	75	3	182
pg	"
.^	28	0	183
,,	33	1	184
,a	"
1^	34	2	185
o_	37	2	186
>>	50	0	187
14	86	2	188
12	86	2	189
34	86	2	190
??	50	1	191
A`	76	2	192
A'	76	2	193
A^	76	2	194
A~	76	2	195
A"	76	2	196
A*	76	2	197
AE	98	2	198
C,	78	3	199
E`	76	2	200
E'	76	2	201
E^	76	2	202
E"	76	2	203
I`	44	2	204
I'	44	2	205
I^	44	2	206
I"	44	2	207
D-	83	2	208
N~	83	2	209
O`	83	2	210
O'	83	2	211
O^	83	2	212
O~	83	2	213
O"	83	2	214
xx	61	0	215
O/	83	2	216
U`	83	2	217
U'	83	2	218
U^	83	2	219
U"	83	2	220
Y'	72	2	221
TH	76	2	222
ss	61	2	223
a`	61	2	224
a'	61	2	225
a^	61	2	226
a~	61	2	227
a"	61	2	228
a*	61	2	229
ae	87	0	230
c,	56	1	231
e`	57	2	232
e'	57	2	233
e^	57	2	234
e"	57	2	235
i`	37	2	236
i'	37	2	237
i^	37	2	238
i"	37	2	239
d-	61	2	240
n~	69	2	241
o`	61	2	242
o'	61	2	243
o^	61	2	244
o~	61	2	245
o"	61	2	246
-:	61	0	247
o/	61	2	248
u`	69	2	249
u'	69	2	250
u^	69	2	251
u"	69	2	252
y'	61	3	253
th	67	3	254
y"	61	3	255
^a	33	2	147
~a	33	2	148
Ua	33	2	150
.a	33	2	151
oa	33	2	154
"a	33	2	157
Ca	33	1	158
va	33	2	159
