name NR
fontname NewCenturySchlbk-Roman
named in prologue
spacewidth 28
charset
!	30	2	33
"	39	2	34
dq	"
#	56	2	35
$	56	3	36
%	83	2	37
&	82	2	38
'	20	2	39
(	33	3	40
)	33	3	41
*	50	2	42
+	61	0	43
,	28	1	44
-	33	0	173
.	28	0	46
/	28	2	47
0	56	2	48
1	56	2	49
2	56	2	50
3	56	2	51
4	56	2	52
5	56	2	53
6	56	2	54
7	56	2	55
8	56	2	56
9	56	2	57
:	28	0	58
;	28	1	59
---	61	0	60
=	61	0	61
---	61	0	62
?	44	2	63
@	74	2	64
A	72	2	65
B	72	2	66
C	72	2	67
D	78	2	68
E	72	2	69
F	67	2	70
G	78	2	71
H	83	2	72
I	41	2	73
J	56	2	74
K	78	2	75
L	67	2	76
M	94	2	77
N	82	2	78
O	78	2	79
P	67	2	80
Q	78	3	81
R	72	2	82
S	63	2	83
T	67	2	84
U	82	2	85
V	72	2	86
W	98	2	87
X	70	2	88
Y	70	2	89
Z	61	2	90
[	33	3	91
\	61	2	92
bs	"
]	33	3	93
^	33	2	147
---	61	2	94
---	50	1	95
`	20	2	96
a	56	0	97
b	56	2	98
c	44	0	99
d	57	2	100
e	50	0	101
f	33	2	102
g	54	1	103
h	61	2	104
i	32	2	105
j	30	3	106
k	59	2	107
l	32	2	108
m	89	0	109
n	61	0	110
o	50	0	111
p	57	1	112
q	56	1	113
r	44	0	114
s	46	0	115
t	39	2	116
u	61	0	117
v	54	0	118
w	78	0	119
x	54	0	120
y	54	1	121
z	48	0	122
{	33	3	123
---	61	2	124
}	33	3	125
~	33	2	148
---	61	0	126
\`	33	2	145
ga	"
!!	30	3	161
c|	56	3	162
ct	"
L-	56	2	163
ps	"
xo	56	2	164
cr	"
Y-	56	2	165
yn	"
||	61	2	166
so	50	3	167
sc	"
""	33	2	168
:a	"
co	74	2	169
a_	33	2	170
<<	43	0	171
-,	61	0	172
hy	33	0	173
--	61	0	45
ro	74	2	174
rg	"
-^	33	2	175
-a	"
0^	40	2	176
+-	61	2	177
2^	33	2	178
3^	33	2	179
\'	33	2	180
aa	"
/u	61	1	181
P!	61	3	182
pg	"
.^	28	0	183
,,	33	1	184
,a	"
1^	33	2	185
o_	30	2	186
>>	43	0	187
14	83	2	188
12	83	2	189
34	83	2	190
??	44	3	191
A`	72	2	192
A'	72	2	193
A^	72	2	194
A~	72	2	195
A"	72	2	196
A*	72	2	197
AE	100	2	198
C,	72	3	199
E`	72	2	200
E'	72	2	201
E^	72	2	202
E"	72	2	203
I`	41	2	204
I'	41	2	205
I^	41	2	206
I"	41	2	207
D-	78	2	208
N~	82	2	209
O`	78	2	210
O'	78	2	211
O^	78	2	212
O~	78	2	213
O"	78	2	214
xx	61	0	215
O/	78	2	216
U`	82	2	217
U'	82	2	218
U^	82	2	219
U"	82	2	220
Y'	70	2	221
TH	67	2	222
ss	57	2	223
a`	56	2	224
a'	56	2	225
a^	56	2	226
a~	56	2	227
a"	56	2	228
a*	56	2	229
ae	80	0	230
c,	44	1	231
e`	50	2	232
e'	50	2	233
e^	50	2	234
e"	50	2	235
i`	32	2	236
i'	32	2	237
i^	32	2	238
i"	32	2	239
d-	50	2	240
n~	61	2	241
o`	50	2	242
o'	50	2	243
o^	50	2	244
o~	50	2	245
o"	50	2	246
-:	61	0	247
o/	50	2	248
u`	61	2	249
u'	61	2	250
u^	61	2	251
u"	61	2	252
y'	54	3	253
th	57	3	254
y"	54	3	255
^a	33	2	147
~a	33	2	148
Ua	33	2	150
.a	33	2	151
oa	33	2	154
"a	33	2	157
Ca	33	1	158
va	33	2	159
