name PB
fontname Palatino-Bold
named in prologue
spacewidth 25
charset
!	28	2	33
"	40	2	34
dq	"
#	50	2	35
$	50	2	36
%	89	2	37
&	83	2	38
'	28	2	39
(	33	2	40
)	33	2	41
*	44	2	42
+	61	0	43
,	25	1	44
-	33	0	173
.	25	0	46
/	30	2	47
0	50	2	48
1	50	2	49
2	50	2	50
3	50	2	51
4	50	2	52
5	50	2	53
6	50	2	54
7	50	2	55
8	50	2	56
9	50	2	57
:	25	0	58
;	25	1	59
---	61	0	60
=	61	0	61
---	61	0	62
?	44	2	63
@	75	2	64
A	78	2	65
B	67	2	66
C	72	2	67
D	83	2	68
E	61	2	69
F	56	2	70
G	83	2	71
H	83	2	72
I	39	2	73
J	39	3	74
K	78	2	75
L	61	2	76
M	100	2	77
N	83	2	78
O	83	2	79
P	61	2	80
Q	83	3	81
R	72	2	82
S	61	2	83
T	67	2	84
U	78	2	85
V	78	2	86
W	100	2	87
X	67	2	88
Y	67	2	89
Z	67	2	90
[	33	2	91
\	61	2	92
bs	"
]	33	2	93
^	33	2	147
---	61	2	94
---	50	0	95
`	28	2	96
a	50	0	97
b	61	2	98
c	44	0	99
d	61	2	100
e	50	0	101
f	39	2	102
g	56	1	103
h	61	2	104
i	33	2	105
j	33	3	106
k	61	2	107
l	33	2	108
m	89	0	109
n	61	0	110
o	56	0	111
p	61	1	112
q	61	1	113
r	39	0	114
s	44	0	115
t	33	2	116
u	61	0	117
v	56	0	118
w	83	0	119
x	50	0	120
y	56	1	121
z	50	0	122
{	31	2	123
---	61	2	124
}	31	2	125
~	33	2	148
---	61	0	126
\`	33	2	145
ga	"
!!	28	1	161
c|	50	2	162
ct	"
L-	50	2	163
ps	"
xo	50	2	164
cr	"
Y-	50	2	165
yn	"
||	61	2	166
so	50	3	167
sc	"
""	33	2	168
:a	"
co	75	2	169
a_	44	2	170
<<	50	0	171
-,	61	0	172
hy	33	0	173
--	61	0	45
ro	75	2	174
rg	"
-^	33	2	175
-a	"
0^	40	2	176
+-	61	2	177
2^	30	2	178
3^	30	2	179
\'	33	2	180
aa	"
/u	61	1	181
P!	64	3	182
pg	"
.^	25	0	183
,,	33	1	184
,a	"
1^	30	2	185
o_	49	2	186
>>	50	0	187
14	75	2	188
12	75	2	189
34	75	2	190
??	44	1	191
A`	78	2	192
A'	78	2	193
A^	78	2	194
A~	78	2	195
A"	78	2	196
A*	78	2	197
AE	100	2	198
C,	72	3	199
E`	61	2	200
E'	61	2	201
E^	61	2	202
E"	61	2	203
I`	39	2	204
I'	39	2	205
I^	39	2	206
I"	39	2	207
D-	83	2	208
N~	83	2	209
O`	83	2	210
O'	83	2	211
O^	83	2	212
O~	83	2	213
O"	83	2	214
xx	61	0	215
O/	83	2	216
U`	78	2	217
U'	78	2	218
U^	78	2	219
U"	78	2	220
Y'	67	2	221
TH	61	2	222
ss	61	2	223
a`	50	2	224
a'	50	2	225
a^	50	2	226
a~	50	2	227
a"	50	2	228
a*	50	2	229
ae	78	0	230
c,	44	1	231
e`	50	2	232
e'	50	2	233
e^	50	2	234
e"	50	2	235
i`	33	2	236
i'	33	2	237
i^	33	2	238
i"	33	2	239
d-	56	2	240
n~	61	2	241
o`	56	2	242
o'	56	2	243
o^	56	2	244
o~	56	2	245
o"	56	2	246
-:	61	0	247
o/	56	0	248
u`	61	2	249
u'	61	2	250
u^	61	2	251
u"	61	2	252
y'	56	3	253
th	61	3	254
y"	56	3	255
^a	33	2	147
~a	33	2	148
Ua	33	2	150
.a	33	2	151
oa	33	2	154
"a	33	2	157
Ca	33	1	158
va	33	2	159
