name R
fontname Times-Roman
named in prologue
spacewidth 25
charset
!	33	2	33
"	41	2	34
dq	"
#	50	2	35
$	50	2	36
%	83	2	37
&	78	2	38
'	33	2	39
(	33	3	40
)	33	3	41
*	50	2	42
+	56	0	43
,	25	1	44
-	33	0	173
.	25	0	46
/	28	2	47
0	50	2	48
1	50	2	49
2	50	2	50
3	50	2	51
4	50	2	52
5	50	2	53
6	50	2	54
7	50	2	55
8	50	2	56
9	50	2	57
:	28	0	58
;	28	1	59
---	56	2	60
=	56	0	61
---	56	2	62
?	44	2	63
@	92	2	64
A	72	2	65
B	67	2	66
C	67	2	67
D	72	2	68
E	61	2	69
F	56	2	70
G	72	2	71
H	72	2	72
I	33	2	73
J	39	2	74
K	72	2	75
L	61	2	76
M	89	2	77
N	72	2	78
O	72	2	79
P	56	2	80
Q	72	3	81
R	67	2	82
S	56	2	83
T	61	2	84
U	72	2	85
V	72	2	86
W	94	2	87
X	72	2	88
Y	72	2	89
Z	61	2	90
[	33	3	91
\	28	2	92
bs	"
]	33	3	93
^	33	2	147
---	47	2	94
---	50	1	95
`	33	2	96
a	44	0	97
b	50	2	98
c	44	0	99
d	50	2	100
e	44	0	101
f	33	2	102
g	50	1	103
h	50	2	104
i	28	2	105
j	28	3	106
k	50	2	107
l	28	2	108
m	78	0	109
n	50	0	110
o	50	0	111
p	50	1	112
q	50	1	113
r	33	0	114
s	39	0	115
t	28	2	116
u	50	0	117
v	50	0	118
w	72	0	119
x	50	0	120
y	50	1	121
z	44	0	122
{	48	3	123
---	20	2	124
}	48	3	125
~	33	2	148
---	54	0	126
\`	33	2	145
ga	"
!!	33	1	161
c|	50	3	162
ct	"
L-	50	2	163
ps	"
xo	50	2	164
cr	"
Y-	50	2	165
yn	"
||	20	2	166
so	50	3	167
sc	"
""	33	2	168
:a	"
co	76	2	169
a_	28	2	170
<<	50	0	171
-,	56	0	172
hy	33	0	173
--	56	0	45
ro	76	2	174
rg	"
-^	33	2	175
-a	"
0^	40	2	176
+-	56	2	177
2^	30	2	178
3^	30	2	179
\'	33	2	180
aa	"
/u	50	1	181
P!	45	3	182
pg	"
.^	25	0	183
,,	33	1	184
,a	"
1^	30	2	185
o_	31	2	186
>>	50	0	187
14	75	2	188
12	75	2	189
34	75	2	190
??	44	1	191
A`	72	2	192
A'	72	2	193
A^	72	2	194
A~	72	2	195
A"	72	2	196
A*	72	2	197
AE	89	2	198
C,	67	3	199
E`	61	2	200
E'	61	2	201
E^	61	2	202
E"	61	2	203
I`	33	2	204
I'	33	2	205
I^	33	2	206
I"	33	2	207
D-	72	2	208
N~	72	2	209
O`	72	2	210
O'	72	2	211
O^	72	2	212
O~	72	2	213
O"	72	2	214
xx	56	0	215
O/	72	2	216
U`	72	2	217
U'	72	2	218
U^	72	2	219
U"	72	2	220
Y'	72	2	221
TH	56	2	222
ss	50	2	223
a`	44	2	224
a'	44	2	225
a^	44	2	226
a~	44	2	227
a"	44	2	228
a*	44	2	229
ae	67	0	230
c,	44	1	231
e`	44	2	232
e'	44	2	233
e^	44	2	234
e"	44	2	235
i`	28	2	236
i'	28	2	237
i^	28	2	238
i"	28	2	239
d-	50	2	240
n~	50	2	241
o`	50	2	242
o'	50	2	243
o^	50	2	244
o~	50	2	245
o"	50	2	246
-:	56	2	247
o/	50	3	248
u`	50	2	249
u'	50	2	250
u^	50	2	251
u"	50	2	252
y'	50	3	253
th	50	3	254
y"	50	3	255
^a	33	2	147
~a	33	2	148
Ua	33	2	150
.a	33	2	151
oa	33	2	154
"a	33	2	157
Ca	33	1	158
va	33	2	159
