name ZD
fontname ZapfDingbats
named in prologue
charset
!	97	2	33
"	96	2	34
#	97	2	35
$	98	2	36
%	72	2	37
&	79	3	38
'	79	3	39
(	79	3	40
)	69	2	41
*	96	2	42
+	94	2	43
,	55	3	44
-	86	2	45
.	91	2	46
/	93	2	47
0	91	2	48
1	95	2	49
2	97	2	50
3	76	3	51
4	85	3	52
5	76	2	53
6	76	2	54
7	57	3	55
8	68	3	56
9	76	2	57
:	76	2	58
;	76	2	59
<	75	2	60
=	49	2	61
>	55	2	62
?	54	2	63
@	58	2	64
A	69	3	65
B	79	3	66
C	79	3	67
D	79	3	68
E	79	3	69
F	79	3	70
G	79	3	71
H	82	3	72
I	82	2	73
J	79	3	74
K	84	3	75
L	82	3	76
M	83	3	77
N	82	3	78
O	83	3	79
P	92	3	80
Q	74	2	81
R	72	2	82
S	75	2	83
T	79	3	84
U	79	3	85
V	70	3	86
W	78	3	87
X	77	3	88
Y	79	3	89
Z	76	2	90
[	71	3	91
\	71	3	92
]	68	3	93
^	70	3	94
_	83	3	95
`	82	3	96
a	79	3	97
b	79	3	98
c	71	2	99
d	69	2	100
e	70	2	101
f	69	2	102
g	79	3	103
h	79	3	104
i	71	3	105
j	79	3	106
k	79	3	107
l	79	3	108
m	87	3	109
n	76	2	110
o	76	2	111
p	76	2	112
q	76	2	113
r	76	2	114
s	89	2	115
t	89	3	116
u	79	3	117
v	78	3	118
w	44	3	119
x	14	2	120
y	28	2	121
z	42	2	122
{	39	2	123
|	39	2	124
}	67	2	125
~	67	2	126
\`	28	0	145
!!	73	3	161
c|	54	3	162
L-	54	3	163
xo	91	2	164
Y-	67	3	165
||	76	3	166
so	76	2	167
""	78	2	168
co	60	3	169
a_	69	3	170
<<	63	2	171
-,	79	3	172
hy	79	3	173
ro	79	3	174
-^	79	3	175
0^	79	3	176
+-	79	3	177
2^	79	3	178
3^	79	3	179
\'	79	3	180
/u	79	3	181
P!	79	3	182
.^	79	3	183
,,	79	3	184
1^	79	3	185
o_	79	3	186
>>	79	3	187
14	79	3	188
12	79	3	189
34	79	3	190
??	79	3	191
A`	79	3	192
A'	79	3	193
A^	79	3	194
A~	79	3	195
A"	79	3	196
A*	79	3	197
AE	79	3	198
C,	79	3	199
E`	79	3	200
E'	79	3	201
E^	79	3	202
E"	79	3	203
I`	79	3	204
I'	79	3	205
I^	79	3	206
I"	79	3	207
D-	79	3	208
N~	79	3	209
O`	79	3	210
O'	79	3	211
O^	89	2	212
O~	84	2	213
O"	102	2	214
xx	46	3	215
O/	75	2	216
U`	92	2	217
U'	75	2	218
U^	92	2	219
U"	93	2	220
Y'	93	2	221
TH	93	2	222
ss	83	2	223
a`	87	2	224
a'	83	2	225
a^	92	2	226
a~	92	2	227
a"	92	2	228
a*	93	2	229
ae	93	2	230
c,	46	3	231
e`	88	2	232
e'	84	2	233
e^	84	2	234
e"	87	2	235
i`	87	2	236
i'	70	2	237
i^	70	2	238
i"	87	2	239
d-	28	0	240
n~	87	2	241
o`	76	2	242
o'	95	2	243
o^	77	2	244
o~	87	2	245
o"	77	2	246
-:	89	3	247
o/	97	2	248
u`	89	3	249
u'	83	2	250
u^	87	2	251
u"	93	2	252
y'	97	2	253
th	92	2	254
y"	28	0	255
