name ZI
fontname ZapfChancery-MediumItalic
named in prologue
spacewidth 22
charset
!	28	2	33
"	22	2	34
dq	"
#	44	2	35
$	44	3	36
%	68	2	37
&	78	2	38
'	24	2	39
(	26	3	40
)	22	3	41
*	42	2	42
+	52	0	43
,	22	0	44
-	28	0	173
.	22	0	46
/	34	3	47
0	44	2	48
1	44	2	49
2	44	2	50
3	44	2	51
4	44	2	52
5	44	2	53
6	44	2	54
7	44	2	55
8	44	2	56
9	44	2	57
:	26	0	58
;	24	0	59
---	52	0	60
=	52	0	61
---	52	0	62
?	38	2	63
@	70	2	64
A	62	2	65
B	60	2	66
C	52	2	67
D	70	2	68
E	62	2	69
F	58	2	70
G	62	3	71
H	68	2	72
I	38	2	73
J	40	2	74
K	66	3	75
L	58	2	76
M	84	2	77
N	70	3	78
O	60	2	79
P	54	2	80
Q	60	3	81
R	60	3	82
S	46	2	83
T	50	2	84
U	74	2	85
V	64	2	86
W	88	2	87
X	56	2	88
Y	56	3	89
Z	62	2	90
[	24	3	91
\	48	2	92
bs	"
]	32	3	93
^	34	2	147
---	52	2	94
---	50	1	95
`	24	2	96
a	42	0	97
b	42	2	98
c	34	0	99
d	44	2	100
e	34	0	101
f	32	3	102
g	40	1	103
h	44	2	104
i	24	2	105
j	22	3	106
k	44	3	107
l	24	2	108
m	62	0	109
n	46	0	110
o	40	0	111
p	44	1	112
q	40	3	113
r	30	0	114
s	32	0	115
t	32	2	116
u	46	0	117
v	44	0	118
w	68	0	119
x	42	1	120
y	40	1	121
z	44	0	122
{	24	3	123
---	52	2	124
}	24	3	125
~	44	2	148
---	52	0	126
\`	22	2	145
ga	"
!!	28	1	161
c|	44	2	162
ct	"
L-	44	2	163
ps	"
xo	44	2	164
cr	"
Y-	44	3	165
yn	"
||	52	2	166
so	42	3	167
sc	"
""	36	2	168
:a	"
co	74	2	169
a_	26	2	170
<<	34	0	171
-,	52	0	172
hy	28	0	173
--	52	0	45
ro	74	2	174
rg	"
-^	44	2	175
-a	"
0^	40	2	176
+-	52	2	177
2^	26	2	178
3^	26	2	179
\'	30	2	180
aa	"
/u	46	1	181
P!	50	3	182
pg	"
.^	22	0	183
,,	30	1	184
,a	"
1^	26	2	185
o_	26	2	186
>>	38	0	187
14	66	2	188
12	66	2	189
34	66	2	190
??	40	1	191
A`	62	2	192
A'	62	2	193
A^	62	2	194
A~	62	2	195
A"	62	2	196
A*	62	2	197
AE	74	2	198
C,	52	3	199
E`	62	2	200
E'	62	2	201
E^	62	2	202
E"	62	2	203
I`	38	2	204
I'	38	2	205
I^	38	2	206
I"	38	2	207
D-	70	2	208
N~	70	3	209
O`	60	2	210
O'	60	2	211
O^	60	2	212
O~	60	2	213
O"	60	2	214
xx	52	0	215
O/	66	3	216
U`	74	2	217
U'	74	2	218
U^	74	2	219
U"	74	2	220
Y'	56	3	221
TH	54	2	222
ss	42	3	223
a`	42	2	224
a'	42	2	225
a^	42	2	226
a~	42	2	227
a"	42	2	228
a*	42	2	229
ae	54	0	230
c,	34	1	231
e`	34	2	232
e'	34	2	233
e^	34	2	234
e"	34	2	235
i`	24	2	236
i'	24	2	237
i^	24	2	238
i"	24	2	239
d-	40	2	240
n~	46	2	241
o`	40	2	242
o'	40	2	243
o^	40	2	244
o~	40	2	245
o"	40	2	246
-:	52	0	247
o/	44	3	248
u`	46	2	249
u'	46	2	250
u^	46	2	251
u"	46	2	252
y'	40	3	253
th	44	3	254
y"	40	3	255
^a	34	2	147
~a	44	2	148
Ua	44	2	150
.a	22	2	151
oa	30	2	154
"a	40	2	157
Ca	28	1	158
va	34	2	159
